Dataset para la prueba de algoritmos

Ordenamiento:
1) {23, 89, 12, 78, 34, 56, 90, 11, 67, 43, 22, 88, 13, 79, 35, 57, 91, 10, 66, 44, 21, 87, 14, 80, 36, 58, 92, 9, 65, 42, 20, 86, 15, 81, 37, 59, 93, 8, 64, 41, 19, 85, 16, 82, 38, 60, 94, 7, 63, 40, 18, 84, 17, 83, 39, 61, 95, 6, 62, 49, 27, 99, 24, 77, 33, 55, 91, 10, 68, 46, 25, 88, 14, 79, 36, 58, 92, 9, 65, 43, 22, 87, 13, 80, 37, 59, 93, 8, 64, 42, 21, 86, 15, 81, 38, 60, 94, 7, 63, 41, 20, 85, 16, 82, 39, 61, 95, 6, 62, 50, 28, 100, 26, 76, 32, 54, 90, 11, 69, 47, 26, 89, 12, 78, 34, 56, 91, 10, 67, 45, 23, 88, 13, 79, 35, 57, 92, 9, 66, 44, 22, 87, 14, 80, 36, 58, 93, 8, 65, 43, 21, 86, 15, 81, 37, 59, 94, 7, 64, 42, 20, 85, 16, 82, 38, 60, 95, 6, 63, 41, 19, 84, 17, 83, 39, 61, 96, 5, 61, 48, 29, 98, 25, 75, 31, 53, 89, 12, 70, 48, 27, 87, 13, 77, 35, 57, 91, 10, 66, 44, 23, 85, 14, 76, 36, 58, 92, 9, 64, 42, 21, 84, 15, 75, 37, 59, 93, 8, 63, 41, 20, 83, 16, 74, 38, 60, 94, 7, 62, 40, 19, 82, 17, 73, 39, 61, 95, 6, 60, 49, 30, 97, 26, 74, 32, 54, 88, 11, 68, 46, 25, 86, 12, 77, 34, 56, 90, 10, 65, 43, 22, 85, 13, 76, 35, 57, 91, 9, 64, 42, 21, 84, 14, 75, 36, 58, 92, 8, 63, 41} //Desordenado y numeros repetidos (280+ numeros)

2) {1, 2, 3, 4, 5, 6, 7, 8, 9, 10, 11, 12, 13, 14, 15, 16, 17, 18, 19, 20, 21, 22, 23, 24, 25, 26, 27, 28, 29, 30, 31, 32, 33, 34, 35, 36, 37, 38, 39, 40, 41, 42, 43, 44, 45, 46, 47, 48, 49, 50, 51, 52, 53, 54, 55, 56, 57, 58, 59, 60, 61, 62, 63, 64, 65, 66, 67, 68, 69, 70, 71, 72, 73, 74, 75, 76, 77, 78, 79, 80, 81, 82, 83, 84, 85, 86, 87, 88, 89, 90, 91, 92, 93, 94, 95, 96, 97, 98, 99, 100, 101, 102, 103, 104, 105, 106, 107, 108, 109, 110, 111, 112, 113, 114, 115, 116, 117, 118, 119, 120} //Ordenado (120 numeros)

3) {2, 4, 6, 8, 10, 12, 14, 16, 18, 20, 22, 24, 26, 28, 30, 32, 34, 36, 38, 40, 42, 44, 46, 48, 50, 52, 54, 56, 58, 60, 62, 64, 66, 68, 70, 72, 74, 76, 78, 80, 82, 84, 86, 88, 90, 92, 94, 96, 98, 100, 102, 104, 106, 108, 110, 112, 114, 116, 118, 120, 122, 124, 126, 128, 130, 132, 134, 136, 1, 3, 5, 7, 9, 11, 13, 15, 17, 19, 21, 23, 25, 27, 29, 31, 33, 35, 37, 39, 41, 43, 45, 47, 49, 51, 53, 55, 57, 59, 61, 63, 65, 67, 69, 71, 73, 75, 77, 79, 81, 83, 85, 87, 89, 91, 93, 95, 97, 99, 101, 103, 105, 107, 109, 111, 113, 115, 117, 119, 121, 123, 125, 127, 129, 131, 133, 135, 137} //Pares e Impares (137 numeros)

Matrices:

1) Matriz A = [0, 4, 3, 3][-4, 5, -2, -2][-5, -5, 2, -1][-1, -3, 5, -1]; Matriz B = [4, 0, 1, -2][-2, -2, 3, -1][4, 4, 2, -5][0, 4, -2, 5] // Cuadradas 4x4
2) Matriz A = [1, 3][2, 1][5, 8]; Matriz B = [4, 5, 1, 3][2, 1, 3, 8] //Rectangulares 3x2 y 2x4
